| Run on Mon Aug 11 13:22:55 2025
| GB non-polar solvation energies calculated with gbsa=2
idecomp = 1: Per-residue decomp adding 1-4 interactions to Internal.
Energy Decomposition Analysis (All units kcal/mol): Generalized Born model

DELTAS:
Total Energy Decomposition:
Residue,Internal,,,van der Waals,,,Electrostatic,,,Polar Solvation,,,Non-Polar Solv.,,,TOTAL,,
,Avg.,Std. Dev.,Std. Err. of Mean,Avg.,Std. Dev.,Std. Err. of Mean,Avg.,Std. Dev.,Std. Err. of Mean,Avg.,Std. Dev.,Std. Err. of Mean,Avg.,Std. Dev.,Std. Err. of Mean,Avg.,Std. Dev.,Std. Err. of Mean
R:A:LEU:119,0.0,4.496426227737766,0.44741113196346877,-0.22438613861386128,1.3443296168767096,0.13376579646930722,-0.013801980198018308,2.8064069548579145,0.2792479290947591,0.049851485148514854,0.6989725415646785,0.06955036737924525,-0.04397667326732671,0.0417212145212443,0.004151416006936712,-0.23231330693069233,5.512829963836844,0.548547083732165
R:A:THR:184,0.0,4.227549968782752,0.42065694424099165,-0.20546534653465356,1.0755791438371174,0.10702412491321511,0.19776237623762422,3.2443532741115755,0.3228252165920561,-0.14516831683168316,0.6521523442642823,0.0648915836225589,0.0,0.0,0.0,-0.15287128712871273,5.4754159732919225,0.5448242525295288
R:A:LYS:185,0.0,4.317221774317632,0.4295796223830401,-0.09275247524752481,0.9814744973768185,0.09766036261325908,-0.49821782178217816,8.550774141077774,0.8508338275458261,0.6419405940594057,8.168081013589681,0.8127544381169837,0.0,0.05889668000166379,0.005860438698155239,0.0509702970297026,12.626893945576922,1.2564229072686386
R:A:ALA:187,0.0,2.853946744216101,0.2839783149373736,-0.17576237623762372,1.0172289373148482,0.10121806235860598,0.14092079207920755,1.7598602001650832,0.17511263487346534,-0.03540594059405941,0.6595008797946792,0.06562279023719134,0.0,0.0004040508926006613,4.020456648752001e-05,-0.07024752475247556,3.5653634075034404,0.3547669187079736
R:A:TRP:188,0.0,4.543750249040361,0.45212004808210593,-3.9239801980198026,1.4837931939219777,0.14764294105328302,-0.39322772277227747,2.251973016101327,0.2240796902370179,1.261138613861386,0.9271467003765983,0.09225454476551931,-0.20684815841584156,0.03517000665600384,0.0034995464602656677,-3.262917465346534,5.364655531030807,0.5338031766041371
R:A:ALA:191,0.0,3.022354645629859,0.30073552744056425,-0.744118811881188,0.989219249636097,0.09843099426595357,0.00664356435643613,1.6512035875448043,0.1643008978215236,-0.16248514851485157,0.5947461660730751,0.05917945539775162,-0.12566630495049505,0.021651626325954746,0.0021544173422854643,-1.0256267009900994,3.6323336039401735,0.36143070231699537
R:A:PRO:192,0.0,3.310291367826683,0.3293863021418645,-0.18421782178217824,0.8608098369185562,0.08565378014325592,-0.11419801980198012,1.7119542916550101,0.17034581881363337,0.17128712871287127,0.7375490101001929,0.07338886946522549,-0.009793354455445543,0.021025571802611547,0.002092122588902897,-0.13692206732673243,3.8954114839037244,0.38760792976552866
R:A:ARG:193,0.0,5.284053314960917,0.525782956343849,-0.9121287128712872,1.5362886655941124,0.15286643571642192,-1.8102673267326734,8.19814106133117,0.8157455246612105,2.2741485148514853,5.901693312873831,0.5872404331523059,-0.14968593267326732,0.08588589409663198,0.008545965874058538,-0.5979334574257402,11.503402953339112,1.1446313752543842
R:A:CYS:194,0.0,3.4336432049723853,0.3416602686859344,-2.07850495049505,1.0404360875278085,0.10352726011267449,-1.1802178217821777,2.8496860190580606,0.28355435693842224,1.0694059405940595,0.9835962518773572,0.09787148507691223,-0.2748083881188118,0.032418050349461755,0.003225716573181438,-2.4641252198019807,4.686324341655604,0.466306700533367
R:A:ILE:195,0.0,4.523116701655444,0.4500669333807107,-0.4663861386138615,1.5511307256912652,0.1543432758940218,-0.903683168316831,2.6513677406181495,0.26382095068380906,0.7668118811881186,0.8788993641731048,0.08745375538041522,-0.05382556039603961,0.06929437877464181,0.00689504839532663,-0.6570829861386134,5.538195367106706,0.5510710356919836
R:A:GLY:196,0.0,2.4031377835539183,0.2391211467834952,-0.3250099009900991,0.7074176011282448,0.07039068221317396,-1.2897821782178207,2.6468453411513324,0.2633709551179622,1.103613861386139,1.1933169445967566,0.1187394739581526,-0.0551415207920792,0.035739424469667394,0.0035562056504019977,-0.5663197386138602,3.834916396197987,0.3815884435563063
R:A:ARG:197,0.0,5.520089736494424,0.5492694581108412,-0.3178514851485149,1.9113232831923666,0.19018377492906638,-2.5534356435643564,6.389264912227056,0.6357556205769683,2.9309207920792075,4.989491359651449,0.4964729463084597,0.0,0.0008260610244266794,8.219614406875084e-05,0.059633663366336874,9.992110799068104,0.9942521853771616
R:A:GLN:199,0.0,4.096023869804189,0.4075696082443007,-0.0810693069306931,1.4046348260000934,0.139766389053423,-0.15102970297029666,3.5407332515222674,0.35231612658777955,0.23221782178217834,2.562872163204581,0.2550153116142483,0.0,0.12241024046629694,0.012180274172651322,0.00011881188118826401,6.153901241225228,0.6123360599898515
R:A:LEU:203,0.0,3.9612668342172324,0.3941607820391534,-0.5419999999999999,1.1749835154345725,0.11691522957410724,-0.07778217821782117,3.0185674164286533,0.30035868405025934,0.025287128712871275,1.5785715397371236,0.15707373894454837,-0.037687295049504944,0.041984371596753625,0.00417760111463658,-0.6321823445544551,5.3551490394258465,0.5328572453346017
R:A:GLN:204,0.0,4.796146546828713,0.4772344183791785,-0.039574257425742686,1.265527288333954,0.12592467171178842,-0.0025841584158416823,2.9349935586462825,0.29204277438798143,0.049277227722772286,2.700549355971273,0.26871470431890515,0.0,0.12396255203639366,0.012334734946955271,0.007118811881187497,6.366089988667635,0.6334496294947786
R:A:VAL:205,0.0,4.1967774243734235,0.41759496162852466,-0.028801980198019793,0.903367999095618,0.08988847555457238,0.012277227722772718,2.8721154906494046,0.2857861727774368,0.011306930693069312,1.2400833805461604,0.12339290826047562,0.0,0.0491077385530717,0.004886402618741522,-0.0052178217821786145,5.312088124630586,0.5285725241680269
R:A:HIS:224,0.0,3.8348868701606698,0.38158550560578525,-0.03533663366336626,1.4477844322882594,0.1440599353533874,-0.056138613861387,2.4197096282874395,0.24077010696551912,0.09645544554455444,0.9172501198551446,0.09126979819804389,0.0,0.007615224472265275,0.0007577431561701187,0.004980198019801089,4.847559956158554,0.48235024381504654
R:A:SER:236,0.0,7.1244898495617335,0.7089132361587496,-0.43145544554455445,0.7681498823413343,0.0764337700585055,-0.16892079207920757,6.881995154740491,0.6847841121811739,0.13199999999999998,1.7740989308296604,0.17652944152872913,-0.00853000396039604,0.04235575905345498,0.004214555547776115,-0.4769062415841582,10.092546170061187,1.004245878312227
R:A:ALA:237,0.0,3.23935671125528,0.3223280400055325,-0.26616831683168324,0.9276288577420985,0.09230252121653994,0.08813861386138741,2.431340826919465,0.2419274544860776,-0.049297029702970306,0.4715482569696474,0.04692080526634959,-9.538217821782177e-05,0.00032526313137655054,3.236489123238254e-05,-0.2274221148514844,4.181830135426734,0.41610765078904766
R:A:ILE:238,0.0,4.8131507087481715,0.47892639572899987,-0.4203960396039605,1.491209159237057,0.14838085718226415,0.014168316831682862,2.364199310955686,0.2352466239469738,-0.02222772277227722,0.5740358169190927,0.05711869863470697,-0.005719081188118813,0.0051248982101181435,0.0005099464315108161,-0.43417452673267415,5.59545407159477,0.5567684897348704
R:A:PRO:344,0.0,2.9087954186518252,0.28943596202710015,-0.936049504950495,1.0351321237770228,0.10299949599391875,0.6729009900990096,1.791676939917915,0.17827851880599538,-0.44757425742574264,1.298227828675512,0.12917849708976967,-0.11185763168316833,0.04686943165499564,0.004663682758072598,-0.8225804039603968,3.7987218636075206,0.3779869529553281
R:A:VAL:346,0.0,4.8736505896094995,0.48494635887502935,-0.6975148514851485,1.3001305154182985,0.12936782149680887,-0.19509900990099058,3.2421142041110724,0.3226024207998577,0.21925742574257426,0.8808928141296735,0.08765211106477605,-0.1282791207920792,0.06817795364698534,0.006783959943116318,-0.8016355564356443,6.06091860385622,0.6030839417672543
R:A:MET:349,0.0,3.974319683588388,0.3954595890954043,-0.7453366336633663,1.2706226963449903,0.12643168375881594,-0.16787128712871258,2.7741969187612314,0.27604291071333853,0.27631683168316834,1.424682961170321,0.1417612530622963,-0.1080686495049505,0.052057235618551814,0.0051798885459983166,-0.7449597386138608,5.209443254659629,0.5183589778674899
R:A:PHE:363,0.0,4.102931759825136,0.40825696899197295,-3.6025940594059405,1.2049009457990043,0.11989212515891998,-0.4917227722772276,2.246324061229812,0.22351759821872036,0.8285445544554455,0.7613645971537153,0.07575860894771932,-0.35861039999999994,0.037799824473002626,0.003761223113404732,-3.6243826772277226,4.890083023789918,0.4865814471885488
R:A:ASN:364,0.0,4.551164607480581,0.4528578043210626,-0.6948514851485148,1.4123281072336236,0.1405318991476337,-1.1216237623762386,4.689082196580647,0.4665811173549291,1.161940594059406,1.2513330107112641,0.12451228829951426,-0.03443667326732673,0.011221833203584415,0.0011166141379899798,-0.688971326732674,6.801560265585517,0.6767805415712121
R:A:GLY:365,0.0,3.4458691891564266,0.3428767995809384,-1.0926435643564358,0.7472378913229716,0.07435294918004469,-0.6873267326732674,2.820555045106241,0.28065571669151235,1.0434257425742572,0.8103162949085585,0.0806294849267181,-0.14775590495049507,0.023227821973216035,0.0023112546710926728,-0.88430045940594,4.587489697752856,0.45647228589692745
R:A:TRP:366,0.0,5.4308653052824996,0.5403912953777213,-0.17752475247524752,1.8642965177060196,0.18550443686964652,-5.046138613861385,3.010379432694704,0.2995439492174479,2.302722772277228,1.3201592057760443,0.1313607506745246,-0.10757220594059407,0.162210769360528,0.01614057481663004,-3.0285127999999992,6.618263855508862,0.6585418670853868
R:A:TYR:367,0.0,4.38412545069757,0.43623678699902124,-0.5199405940594061,1.3141567994422292,0.1307634889212348,0.4652970297029712,2.692254013747906,0.2678892869171282,-0.2771485148514852,0.8288799784200516,0.08247664047484046,-0.009199675247524752,0.037883102544648585,0.003769509591246402,-0.3409917544554456,5.374409072967944,0.5347736903005096
R:A:MET:368,0.0,3.9116051286501436,0.3892192576423022,-0.8389009900990099,1.2316205952556083,0.12255082965078948,-0.04892079207920879,2.6228635605253383,0.26098467875693004,0.11955445544554454,1.2160985277731546,0.12100632620939043,-0.06897749702970296,0.08191066310879208,0.00815041560680095,-0.8372448237623772,5.018223013802246,0.49933185275008907
R:A:GLU:371,0.0,4.481341204754667,0.44591011607513314,0.3253762376237624,1.6216386221960617,0.16135907381659675,-14.928326732673266,14.124956277413368,1.4054856806116345,14.851514851485147,12.435473513546913,1.2373758623850462,-0.25138614653465347,0.1627906093242498,0.01619827104945736,-0.002821790099010171,19.41375859904208,1.9317411807805847
R:A:MET:428,0.0,3.8851784308655337,0.3865897029312895,-0.34487128712871296,1.050038522127251,0.10448273806697495,-0.08999999999999933,2.2941599198122127,0.22827744405023181,0.13204950495049506,0.7080495169264384,0.07045356018520234,-0.047397742574257426,0.07931768702654633,0.007892404843284998,-0.35021952475247475,4.687001972389359,0.46637412731149847
R:A:ALA:433,0.0,2.6523439033335845,0.2639180825043645,-0.03586138613861386,0.9788929628926268,0.09740349033130107,0.23205940594059393,1.8768700635806255,0.18675555144545092,-0.2257029702970297,0.736684660084013,0.07330286342407973,0.0,0.01566594460586454,0.0015588197502604789,-0.029504950495049743,3.4725711742367746,0.3455337464016763
R:A:TRP:457,0.0,4.923496401462501,0.48990620253202394,-0.15394059405940608,1.4503450047761497,0.14431472183875532,-0.19919801980198076,2.6448502103211413,0.26317243218042474,0.31269306930693064,1.5107015025805162,0.15032041783737254,-0.020241124752475238,0.16578535667194894,0.016496259548081694,-0.060686669306931534,5.970699615414845,0.5941068168910251
R:A:LEU:458,0.0,4.819766476190653,0.4795846891937048,-0.05725742574257431,1.2821042266964608,0.12757413872883974,-0.09850495049505019,2.137493727924821,0.2126885753125789,0.1339009900990099,0.8706046352611173,0.08662839900540147,0.0,0.01645173338193956,0.0016370086558449022,-0.0218613861386149,5.495547530547939,0.5468274173461866
R:A:PHE:482,0.0,4.408713340943753,0.4386833735213966,-0.09228712871287123,0.9887303791086308,0.09838234983035093,-0.04915841584158405,1.7493072381796426,0.17406257590922677,0.07643564356435643,0.5448872900040521,0.05421831180267676,-0.0003960712871287129,0.03687654600450905,0.0036693534720976086,-0.06540597227722846,4.875723427060705,0.4851526139103503
R:A:TYR:483,0.0,3.9386586164444948,0.39191118029032934,-1.1556138613861386,1.0890799486698155,0.10836750520384525,-0.8863564356435644,2.7143657240673678,0.27008948432782964,0.6823366336633662,1.0739919135311773,0.10686618959483123,-0.0990958811881188,0.031321939546461,0.0031166494718237697,-1.458729544554456,5.0220860018229665,0.4997162344246843
R:A:TYR:484,0.0,4.0596879186295824,0.4039540459682619,-0.08254455445544563,1.3513575486131366,0.13446510181410742,-0.062346534653466304,2.2584045124964893,0.2247196480472067,0.07752475247524757,0.9521763424280705,0.09474508723540517,-0.00016581386138613796,0.06258010874027736,0.006226953556396117,-0.0675321504950514,4.931346694364009,0.4906873358711282
R:A:TYR:485,0.0,4.118144035012437,0.4097706469478803,-0.5819306930693069,1.4985650844138505,0.1491127990941953,-0.8013465346534655,2.6088671399942456,0.25959198286110446,0.9992079207920791,1.188719356888013,0.11828199688260738,-0.1613265504950495,0.108797142736632,0.010825720321153344,-0.5453958574257423,5.237927632869938,0.5211932794334163
L:B:LIG:496,0.0,9.275231016126206,0.9229199808834763,-25.243980198019802,3.9073833589566793,0.3887991758569524,-31.11552475247525,12.129474632825044,1.2069278357369573,39.95156435643565,5.712075022137199,0.568372708029606,-4.521354772277228,0.10539364423400228,0.010487059562459286,-20.92929536633663,16.76486262584564,1.6681661801477907

