| Run on Mon Aug 11 13:48:05 2025
| GB non-polar solvation energies calculated with gbsa=2
idecomp = 1: Per-residue decomp adding 1-4 interactions to Internal.
Energy Decomposition Analysis (All units kcal/mol): Generalized Born model

DELTAS:
Total Energy Decomposition:
Residue,Internal,,,van der Waals,,,Electrostatic,,,Polar Solvation,,,Non-Polar Solv.,,,TOTAL,,
,Avg.,Std. Dev.,Std. Err. of Mean,Avg.,Std. Dev.,Std. Err. of Mean,Avg.,Std. Dev.,Std. Err. of Mean,Avg.,Std. Dev.,Std. Err. of Mean,Avg.,Std. Dev.,Std. Err. of Mean,Avg.,Std. Dev.,Std. Err. of Mean
R:A:THR:190,0.0,4.270725701683234,0.42495309023604694,-0.0695445544554456,1.0810387267587056,0.10756737371821666,0.24989108910891059,3.567482884384924,0.3549778145400602,-0.2715445544554455,0.6238608718400271,0.062076476899765476,0.0,0.0009189743071182226,9.144136124300878e-05,-0.09119801980198015,5.7029711651099895,0.5674668403979632
R:A:TRP:194,0.0,4.5286168893706495,0.45061422251368727,-3.387089108910891,1.4812501466204324,0.14738989838913297,-0.42715841584158404,1.9583172672886398,0.19485985111825924,1.5453267326732671,0.678666073738162,0.0675297983103266,-0.25025624554455445,0.03695287567553555,0.003676948558236395,-2.5191770376237614,5.19609782448145,0.517031057932826
R:A:ALA:197,0.0,3.2545360569798176,0.3238384413574295,-0.36364356435643563,0.8206054583672516,0.08165329495647303,0.10217821782178196,1.8424946176414314,0.18333506673149583,-0.09922772277227723,0.48980076213655493,0.04873699741190689,-0.06430861782178217,0.03293345085807429,0.0032770008405736996,-0.42500168712871256,3.860203890897019,0.38410464332358374
R:A:ARG:199,0.0,6.053375916322666,0.6023334163062524,-0.16702970297029712,1.9606555894289002,0.1950925228674843,0.5648910891089108,10.71971957731603,1.0666519648051553,-0.2907326732673264,8.203642438090174,0.8162929321084672,-0.00738648712871287,0.09901969873791047,0.009852828280761004,0.09974222574257481,14.923453765591224,1.4849391503142575
R:A:CYS:200,0.0,3.682921125794264,0.36646434887753343,-1.2864653465346536,0.752965094858381,0.07492282723140814,-0.20822772277227602,2.6347250735726524,0.2621649434183539,0.37041584158415847,0.993706440727886,0.09887748646754449,-0.2477430178217822,0.04082333568225699,0.004062073723227219,-1.3720202455445536,4.69699475210368,0.467368446056431
R:A:ILE:201,0.0,4.973242843059401,0.49485615847897646,-0.46527722772277225,1.5686792009979493,0.15608941445018504,-0.4649207920792075,2.363136838085786,0.23514090394505988,0.5752079207920792,0.929326518539622,0.09247144477952969,-0.027635667326732668,0.03971236861187495,0.003951528368014342,-0.3826257663366334,5.800305110723482,0.5771519299734933
R:A:GLY:202,0.0,2.256343971132738,0.22451461651831686,-1.6196237623762375,0.7617534586283039,0.07579730211062488,-0.4145346534653468,1.8586014998755573,0.18493776141562462,1.3085247524752472,0.7350818430279833,0.07314337716609448,-0.19264940198019803,0.03407539866521019,0.0033906288943115967,-0.9182830653465357,3.1092221586568103,0.30937916804885096
R:A:ARG:203,0.0,5.564793917300558,0.5537176903568386,-0.41866336633663365,1.978169988569261,0.19683527071836837,-1.0354554455445546,6.370113977771129,0.6338500313758761,1.034960396039604,4.827719637727521,0.4803760583445979,0.0,0.0012739095588867818,0.000126758738805635,-0.4191584158415879,9.938074182599062,0.9888753410751805
R:A:ILE:204,0.0,5.68945267828577,0.566121700683417,-0.2808118811881188,1.6019707313480098,0.1594020455319165,-0.10738613861386143,5.2631518540211655,0.5237031832473715,0.08010891089108915,1.2131233064496405,0.1207102806227902,-0.01787161188118812,0.07912626223412006,0.007873357364525761,-0.32596072079207833,8.007176691135376,0.7967438596262263
R:A:GLN:205,0.0,4.134183417574032,0.41136662516355954,-0.5144356435643566,1.6113406447624246,0.16033438676355552,-0.1725544554455453,3.674723871078433,0.36564869154754587,0.4340792079207921,3.202104000741627,0.3186212567658114,-0.04608641584158416,0.19955248952532803,0.01985621484766907,-0.29899730693069365,6.594298898284976,0.656157264715431
R:A:ASN:208,0.0,11.488609932424124,1.1431594146577875,-0.08711881188118813,1.2539579701578751,0.12477348152673136,-0.09994059405940603,10.702808126815663,1.0649692125863295,0.13593069306930702,2.8793571679827505,0.2865067466040548,-0.0005608158415841572,0.15091932169857458,0.01501703378113471,-0.051689528712871594,16.013249042971374,1.5933778333851034
R:A:LEU:209,0.0,4.147020051875301,0.4126439180162483,-0.4768514851485147,1.0922521789716813,0.10868315391647199,5.9405940594624464e-05,2.8981500776125197,0.28837671100344237,-0.012732673267326725,1.591031670363724,0.15831356828138254,-0.03543305346534653,0.048403053384394906,0.0048162838237192414,-0.5249578059405932,5.415144378238403,0.5388270046703759
R:A:SER:242,0.0,3.9194987079166963,0.39000469813571126,-0.7049702970297029,0.7249561896515045,0.07213583699761732,0.18409900990099018,3.735131018678389,0.3716594273891919,0.193960396039604,1.157023690428897,0.11512816019307621,-0.04035863762376237,0.060066145919839706,0.005976804906282051,-0.36726952871287105,5.584043972522736,0.5556331424428049
R:A:ALA:243,0.0,3.582249344044269,0.3564471321929386,-0.13288118811881186,0.9619073320845863,0.09571335689598337,0.022435643564357333,1.999221176953901,0.19892994225245172,-0.05002970297029702,0.5209022546562738,0.051831711584722696,-1.3473267326732673e-05,0.004810238360352583,0.000478636606232554,-0.16048872079207815,4.245706500702056,0.4224635866914859
R:A:ILE:244,0.0,4.567360956874476,0.45446940132031866,-0.17085148514851495,1.454919632672381,0.14476991432756756,-0.07295049504950575,2.6681846379568994,0.26549429451140905,0.04880198019801981,0.8084308171022331,0.08044187287285716,-0.002250891089108911,0.0041381700597443285,0.00041176331088590995,-0.19725089108910931,5.545301075743145,0.551778080127589
R:A:GLN:263,0.0,4.804201831452303,0.4780359491569984,-0.1442178217821782,1.3761084182528618,0.13692790539226402,0.15479207920792037,3.800973516401431,0.3782110007822662,0.15360396039603966,2.2600910341833145,0.2248874632272554,-0.038659508910891094,0.09678395455915795,0.00963036342019558,0.12551870891089142,6.6737401736325515,0.664061967056286
R:A:PRO:350,0.0,3.1674110421185206,0.3151691783589706,-0.8488613861386137,1.1730310697500563,0.11672095396731139,0.22387128712871326,1.5299595805144783,0.15223666821299803,-0.17275247524752477,0.589153185456662,0.05862293302600616,-0.14610375445544554,0.03353820561419168,0.0033371761879030172,-0.9438463287128713,3.754663394435097,0.3736029714182999
R:A:ALA:351,0.0,3.5165833568446385,0.34991312225339005,-0.17215841584158417,0.8896388647510415,0.08852237562834808,-0.1961881188118813,2.3506132525518204,0.2338947606089527,0.14114851485148516,0.5492287180107899,0.054650300035209085,-0.001316388118811881,0.008378228628356525,0.0008336649073296768,-0.2285144079207909,4.357168903977352,0.43355451034839626
R:A:VAL:352,0.0,4.969079156578877,0.49444185618932684,-0.8396336633663365,1.3564147486285416,0.13496831202347329,0.007366336633663364,3.809462015220432,0.37905563798366215,-0.02972277227722773,1.0371209568934219,0.10319739228551258,-0.18179379801980203,0.05593070263119545,0.005565312919261517,-1.0437838970297026,6.490173927004987,0.6457964428301174
R:A:MET:355,0.0,4.07259640618823,0.40523848848728355,-0.23295049504950494,1.123006944324163,0.11174336744666209,-0.004267326732673663,2.564456523219757,0.2551729613280265,0.090970297029703,1.4078302289459361,0.140084343530305,-0.04770741386138615,0.04724828168481805,0.004701379744991145,-0.19395493861386187,5.138856068994157,0.5113352903785496
R:A:PHE:369,0.0,4.841913808615936,0.4817884311364148,-2.3001089108910895,1.324070935550054,0.13174998233484372,-0.47951485148514766,2.0605594083133605,0.2050333243908884,0.8918316831683168,0.77489229156263,0.0771046648511859,-0.3206872158415842,0.05262262017839212,0.0052361464123794775,-2.2084792950495045,5.481461981196294,0.5454258528012441
R:A:ASN:370,0.0,4.348463042577626,0.4326882447618421,-1.0698019801980199,1.5951648541362065,0.1587248354381418,-0.3957920792079214,4.360950716624548,0.4339308147714329,1.0510891089108911,1.1025501808462905,0.10970784340148083,-0.0524658297029703,0.016283198938833586,0.0016202388519727248,-0.46697078019801774,6.456582295705281,0.6424539505878144
R:A:GLY:371,0.0,3.851591626770151,0.3832476910137692,-1.408524752475247,0.7584834930921084,0.07547192837870292,0.16867326732673354,2.5570281505010186,0.2544338106162379,0.5625544554455445,0.6769619096485332,0.06736022764558651,-0.16298269306930696,0.02242907970669692,0.002231776845034759,-0.8402797227722761,4.733627438010441,0.47101353454188183
R:A:TRP:372,0.0,5.130323556935103,0.5104862736960822,-2.971673267326733,1.1866521246658694,0.11807629958842406,-1.3436732673267329,2.8656184841900485,0.2851396964722274,2.1823168316831683,1.3433167373619583,0.1336650111906693,-0.2698699722772277,0.14240211754042786,0.014169540291737996,-2.402899675247524,6.14531614977665,0.6114818114625826
R:A:TYR:373,0.0,4.812112723191334,0.4788231123058045,-1.2333168316831682,1.4422267315174202,0.14350692345748303,-0.8190792079207913,2.3569335645002587,0.23452365515319518,0.6333861386138614,0.9426873178719133,0.09380089400218596,-0.07174336633663367,0.03352323656977259,0.0033356867123131274,-1.490753267326731,5.6286202412258985,0.560068646958849
R:A:MET:374,0.0,4.5785690233241,0.45558464561509066,-0.8295247524752473,1.3307338785143852,0.13241296993941948,-0.7908019801980197,2.292024697553386,0.22806498149454213,0.4959207920792079,1.1973139558002504,0.11913719143786883,-0.06921146138613861,0.04144942144446825,0.004124371584993336,-1.1936174019801977,5.424279024373262,0.5397359359327352
R:A:GLU:377,0.0,4.116313012631452,0.4095884534113616,-1.163009900990099,1.5841675046768975,0.157630558267567,-3.062722772277228,8.821003512511954,0.877722654992234,3.711495049504951,7.440084248655749,0.7403160525708015,-0.27323643564356437,0.06935520309979251,0.006901100641886067,-0.7874740594059422,12.354083787957483,1.2292772819987994
R:A:ILE:378,0.0,4.851985718730348,0.48279062365044406,-0.13091089108910867,1.5828357758233018,0.15749804629390665,-0.2002376237623771,3.095314608570001,0.30799531509274264,0.2262970297029703,1.189690499895092,0.11837862922351297,-0.00013088316831683165,0.006552814583394873,0.0006520294211028275,-0.10498236831683225,6.086338263597896,0.6056132924477995
R:A:THR:432,0.0,4.499413664684369,0.44770839304999654,-0.06569306930693067,0.9975377677454723,0.09925871775457995,0.017405940594059432,3.8003889611529673,0.3781528353610708,-0.023683168316831652,1.4176651299736,0.14106295275876102,0.0,0.06353861311435968,0.006322328306315203,-0.07197029702970315,6.139753476824613,0.6109283048161576
R:A:ILE:433,0.0,4.758079364007363,0.4734465921158019,-0.08647524752475244,1.2953950992233425,0.1288966299742985,-0.18487128712871298,2.8243932570489685,0.28103763305420454,0.18589108910891097,1.0509619732925308,0.10457462489225455,0.0,0.05682822112406602,0.005654619347192261,-0.0854554455445536,5.779473633798436,0.5750791205467511
R:A:MET:434,0.0,3.8409826581766393,0.38219205918373783,-0.6331980198019803,1.2146775546652973,0.12086493410052979,-0.38715841584158395,2.7435483594475585,0.2729932650789924,0.3761683168316833,1.4266584550679675,0.14195782205201546,-0.07052906138613861,0.10872885782979791,0.010818925718970349,-0.714717180198021,5.079647945949663,0.5054438619393695
R:A:TRP:463,0.0,5.114634105805709,0.5089251149593093,-0.06543564356435645,1.3192061219821818,0.13126591529249665,0.005534653465346228,2.247909742226137,0.22367537937503562,0.04976237623762375,1.6216057477866739,0.16135580269060204,-0.003735160396039604,0.1361647048167343,0.013548894528661587,-0.013873774257425715,5.966659958958112,0.5937048560500129
R:A:TYR:489,0.0,4.5858052917140295,0.45630468123172274,-0.5451782178217822,0.9942993473979832,0.09893648288625151,-0.5621683168316831,2.5737593010061635,0.25609862231499986,0.6406237623762374,1.0936602443741374,0.10882326166064119,-0.04466117227722771,0.033323904691086155,0.0033158524490643844,-0.511383944554455,5.4625709622862155,0.5435461261635952
L:B:LIG:504,0.0,8.505537604028092,0.8463326238737516,-27.0980099009901,3.727399100355113,0.3708900727608593,-9.850168316831684,5.96648875531064,0.5936878206503795,24.807881188118817,3.065374100887896,0.3050161232289964,-4.254365227722772,0.0958847783686287,0.009540892045182785,-16.394662257425743,11.456106420736036,1.1399251943635802

